z mb dmb x1 dx1 c dc l b true_mb true_x1 true_c
1.287295260111661843e+00 2.487047936785497981e+01 1.106573703214090154e-01 3.709480116304158526e-01 5.673343667884269692e-01 -1.443486473496903844e-01 3.922243310577101100e-02 8.800946763705137510e-01 -8.762391009177088463e-01 2.464621542455609671e+01 7.263061756168622818e-01 -1.110373043851440866e-01
8.144004293291038366e-01 2.377060931821430856e+01 1.010385436066289916e-01 -4.601418533707027914e-01 3.099746935089849886e-01 -1.321537754741194393e-01 3.779034989122987548e-02 5.787245265540087225e+00 8.147465081385237839e-01 2.367312272324395650e+01 -5.678838735966675877e-01 -1.452603071464523832e-01
8.121976682312213036e-01 2.358387930116328235e+01 1.339635555730919192e-01 1.327240268345985630e+00 2.210596388329623130e-01 -1.204598826956613800e-01 7.110935122290323873e-02 3.224805662578313914e+00 -3.570864420901142533e-01 2.358049814524276400e+01 1.098900084254119669e+00 -8.168291769914193257e-02
5.084156117972671307e-01 2.188365885524246579e+01 1.024279131385079644e-01 2.298074794814992106e-01 5.445127231431647896e-01 -2.229670736688726396e-01 4.274019704245154982e-02 1.536815611736895626e+00 -8.467491125864248236e-01 2.204278685521211401e+01 2.468086497009090163e-01 -1.876274680938583850e-01
1.164589869066065653e+00 2.507858460802801659e+01 1.542905860650481686e-01 1.461055087297912003e+00 7.046632554609104648e-01 1.106708538134712760e-01 1.875195244170997297e-02 2.745301344192998538e+00 -1.196302013778478335e+00 2.514239865142923236e+01 1.365942790928837969e+00 9.436784875484434398e-02
1.304755385359754882e-01 1.946634862024128410e+01 9.785782397091924434e-02 -1.050807979884341048e+00 6.215328752347137886e-01 -6.005998030635738977e-03 4.944902884416937927e-02 2.285798590455258683e+00 1.093803609858375880e+00 1.946788430464997433e+01 -1.656311147061146682e+00 4.496110339523611693e-03
1.080279761260113602e+00 2.419571315384073529e+01 1.269728533245909619e-01 1.128859472329029723e+00 5.408147974931669655e-01 3.824096631696261017e-02 5.032939692637946466e-02 1.975534343314116148e+00 -1.273203268191982929e+00 2.433842675039661430e+01 1.017862059898597904e+00 -4.589621391211015644e-02
5.697277486947665004e-01 2.319186680700984837e+01 1.140551180055435349e-01 2.083332959053680877e-01 6.764845882563692570e-01 -1.020652692260333450e-01 3.754050076564827837e-02 1.889008220061526355e+00 6.990735672015568891e-01 2.318168743382928554e+01 -1.284683223059281287e+00 -5.529726875472083802e-02
4.285024624770561452e-02 1.628808011905427833e+01 8.588180403574155464e-02 1.426661640160138189e+00 2.571691829385713279e-01 -4.576010739191393312e-02 3.802910929518904526e-02 1.029465550215036274e+00 -5.159310788851786400e-01 1.649630462401015407e+01 1.231669992620029408e+00 -3.873393026019920915e-02
6.813820606447498207e-01 2.316485084531392147e+01 1.312077110025669791e-01 -1.163374317640202715e+00 2.508214133309440430e-01 -5.305505909593337399e-02 5.133325733829716825e-02 3.075944752822723949e+00 -9.076920696577619463e-01 2.343760518931281212e+01 -8.647879676760359402e-01 -1.064449424631607466e-01
5.641052330897906586e-01 2.242114188863422086e+01 1.382332274258126215e-01 2.291167042046415414e+00 8.362380824525790235e-01 -9.233803372291685130e-02 5.655786383217778490e-02 5.798763698713417902e+00 -6.710028942221278880e-01 2.250269264541799075e+01 1.896384749952346960e+00 -3.401819106665646825e-02
1.237099536788583087e+00 2.486861606028741534e+01 1.047040055200403330e-01 1.100628180778304044e+00 2.683781759593681926e-01 -3.001008930468905544e-02 2.734874854703911451e-02 6.060763342620425043e+00 1.191520154948667143e+00 2.494866065401062016e+01 1.265818485767608470e+00 2.661660375600983369e-02
9.862045261173921773e-01 2.417950690693183446e+01 1.412476536014341255e-01 -1.560688543413588092e-01 2.885053388095032423e-02 -6.191978864888947331e-02 3.962356443010582596e-02 1.812910601344252637e+00 1.366526487291351177e+00 2.434514976639730577e+01 -8.789996183267717589e-02 -8.941990890643547463e-02
8.800947758633028695e-01 2.407045912320261039e+01 1.324232136607383647e-01 -1.224014864647501866e-03 4.072221629833897016e-01 1.495317524482505517e-03 4.129375920949165252e-02 3.195936715610486978e+00 -8.718431136454827257e-01 2.417026790038976358e+01 1.021588139013417107e-01 1.285310183537408807e-03
1.110851312185018092e+00 2.484245326254730912e+01 9.509339056679000368e-02 -5.257040670224486512e-01 3.873065155878995802e-01 5.627573416932302869e-02 7.080666890819098391e-02 4.926644501836386247e+00 9.273760744533393607e-01 2.487711003317364344e+01 -1.528111107040149574e-01 3.634603172657078357e-02
8.529889032233697321e-01 2.403735756895573417e+01 1.198232229143520455e-01 -1.139651587745275751e+00 3.087122665859693971e-01 -6.396458389459153127e-02 3.858821425588049997e-02 3.265712664733779746e+00 -1.317490362251399150e+00 2.398571757213735012e+01 -9.745203284084662521e-01 -8.773121883055907955e-02
1.209983916143659854e+00 2.469734484107229022e+01 1.288570458487049708e-01 9.024453997746938461e-01 3.895547103733226768e-02 -8.764987957667537410e-02 6.179027411104576900e-02 3.234618260732584183e+00 -5.832026730873777209e-01 2.468868274860170686e+01 8.840152710361659505e-01 -5.588808961948402848e-02
7.169295726593565288e-01 2.316160388508034274e+01 9.782531306424782636e-02 -2.033322104060931057e+00 4.925774559290392318e-01 -2.749661578980113208e-01 2.270062712816799805e-02 1.507903063755411166e+00 -6.518209022764249738e-01 2.313749208117286926e+01 -1.311199548149834193e+00 -2.359293315094853627e-01
4.593375260956216177e-01 2.238234452434921451e+01 1.217383772564330363e-01 3.431417145370107002e-01 4.522346342826094601e-02 1.317305025143552799e-01 4.973006986306731381e-02 1.620982336609840146e+00 6.454441450144364767e-01 2.252007354343589896e+01 3.401434248479760503e-01 3.610092913643909995e-02
9.500732653663828131e-01 2.441125570806729783e+01 1.126863826656948758e-01 -7.758195090081189127e-01 3.385233094833095535e-01 -4.216640068170168093e-03 3.939131922891472154e-02 1.723189098377353012e+00 6.487280423628778436e-01 2.446876598023413507e+01 -8.210832546660608022e-01 -2.230206845052494502e-02
1.804451621966589592e-01 1.980438208127618438e+01 1.061266681691330899e-01 3.044226874512501735e-01 3.953057540687615057e-01 1.286898132844587275e-02 2.694816349024559826e-02 2.819134626784426167e+00 -1.197172735930743359e+00 1.984256168913303497e+01 7.034708080064330238e-01 3.773219881991321523e-02
5.613158632587493813e-01 2.323632427196236350e+01 1.274563052509730676e-01 -4.519299655055032394e-01 5.220374111665970762e-01 -3.921040169689600507e-02 9.844909709122991875e-03 2.866245097338961045e+00 -1.082777202598840249e+00 2.310885617969639227e+01 7.002625287440994439e-01 -2.825413184524232235e-02
9.539658721072794556e-01 2.497691422334501965e+01 1.403718117599379589e-01 5.459070138871829903e-02 6.648559612490794191e-01 7.408118863371124241e-02 3.375924767170997154e-02 3.406402656227975445e+00 -7.536161325554933121e-01 2.486237178111707280e+01 -8.745494994219732421e-02 1.267583870280032388e-01
7.273165873838858264e-01 2.336092812675500952e+01 1.339352124684842771e-01 -2.415972118859513351e+00 5.056276763359576210e-01 -1.882517199488586701e-01 3.847174360207079175e-02 4.195520100992380819e+00 -8.129857721685855854e-01 2.315939707069621534e+01 -1.742735442243082966e+00 -1.885552406443055107e-01
2.302558799211174012e-02 1.575089045057403325e+01 1.164189114336266068e-01 4.533165155101425703e-01 3.029029987832932980e-01 1.076661310827118634e-01 4.532687992387324921e-02 3.245783077061587640e+00 -3.978072715423996430e-01 1.574865730385610441e+01 7.925900868533992671e-01 1.352612503893595997e-01
4.271631925090511039e-01 2.229088619334120480e+01 1.103097029106317045e-01 -4.422790828480183123e-01 1.262500118130312488e-01 8.701930936310255105e-02 5.115386974516152735e-02 4.301675431357072643e-01 5.536570771628493981e-01 2.226482183502886514e+01 -3.451126511292351706e-01 -2.469857046135354867e-03
7.817369875044803962e-01 2.373799506355416256e+01 1.116564132600183640e-01 6.309387563324900805e-01 1.818003091922807679e-01 3.791210662719517177e-02 2.112618700415054215e-02 2.940869979956242997e+00 -8.927857176340494583e-01 2.385080167424135666e+01 7.168593478383215034e-01 6.233061205086869172e-02
4.831373745234002204e-01 2.273026491537093463e+01 1.138626873522203681e-01 -2.583933042660284674e-01 5.053964672591837459e-02 -1.343739311598108471e-02 2.775841928856211116e-02 2.797511796156691322e+00 -1.105020785017755802e+00 2.269194748933146144e+01 -2.665114133105105920e-01 -1.773836005502267901e-02
1.049667232981887466e+00 2.484100696290882482e+01 1.354755459826459119e-01 -6.650312003445396636e-01 8.972870367532896907e-01 4.598562155037542315e-02 4.556127656711082829e-02 3.203085795135853786e+00 -7.019768012662702672e-01 2.483154593185666315e+01 7.872942303766863881e-02 3.415964762799083426e-02
7.221807042995023185e-01 2.316239407596759392e+01 1.231789846978694203e-01 3.854050758061748350e-01 1.752929760221398348e-01 -2.633033786030015699e-01 5.916897200871158724e-02 3.255430814363183156e+00 -5.840490677300245181e-01 2.316804318791940531e+01 3.087529726787492934e-01 -1.394254439466905693e-01
5.671197076127236780e-01 2.238143041835489910e+01 1.173600631755231938e-01 1.497538771445069972e-01 1.947674575594199042e-01 -2.357410673488512520e-01 3.713932422421517554e-02 3.980095230006870377e-01 -4.777538032105504429e-01 2.243055788817422069e+01 8.570294610486786646e-02 -1.457704455199153315e-01
8.859021377904283678e-01 2.430767198493547809e+01 1.117964774457480548e-01 -5.051887402547629025e-01 3.062593857587859181e-01 9.381576602549653032e-02 5.141086970914798826e-02 8.212084831541603958e-01 -3.232444954606570886e-01 2.428535235818003457e+01 -1.778953062958230635e-01 3.585735800193803891e-02
7.023861919951039923e-01 2.333897046185081692e+01 1.257631885333456156e-01 -2.244057752560917773e+00 3.156462077896036167e-01 -4.111084353143890091e-02 4.874219232301468113e-02 3.070897378410767598e+00 -4.317247556964881605e-01 2.342495766559065373e+01 -1.429302148601033995e+00 -1.065693921429172880e-01
1.019179101369680929e+00 2.444639318418392193e+01 1.248315399923519836e-01 2.984760410785797791e-01 2.117843802547499932e-01 -8.074935235334215755e-02 4.476067879227384194e-02 3.107651031281688070e+00 -8.883650681518893144e-01 2.441978047572606059e+01 2.847710021747187348e-01 -2.632468740179039896e-02
1.115331805593588133e+00 2.446841582421885519e+01 1.006146723105325047e-01 -9.334109207347446313e-02 4.080452103449491719e-01 -2.475510136624398810e-02 2.113085160627579950e-02 9.123576437436319297e-01 -6.151076290728113571e-01 2.460306991796363363e+01 9.600101563275434402e-02 -1.889293452986985991e-02
1.137672740900965707e+00 2.524202693255423213e+01 1.041872368205230132e-01 -2.803660420117299878e-01 1.126500833908474219e-01 5.961442318865943502e-02 5.398532168137655518e-02 8.566036901155889005e-01 -8.849945078793334252e-01 2.514604922742076809e+01 -3.618802808354414924e-01 1.018913458393316124e-01
9.187200710764147349e-01 2.458105462794811302e+01 1.478080261762460823e-01 -7.570555465353482338e-01 1.585296598459215445e-01 1.194534476504080234e-01 6.300937262219150070e-02 3.031449395930739588e+00 -1.089840168341149607e+00 2.457070998384769922e+01 -6.180386330912351900e-01 8.049700998046938061e-02
7.489250935985509727e-01 2.375335899514514537e+01 1.048152590777413490e-01 -6.157473005583458114e-01 2.384298152749780575e-01 -9.225531985944825097e-02 5.016447836172759078e-02 1.292377719968695660e+00 -7.392390873892664693e-01 2.366135623764534301e+01 -1.009509291379377727e+00 -2.955478072878428911e-02
1.150287283396618676e+00 2.491201361598884390e+01 1.225129899868483696e-01 -6.872939334208593154e-01 2.827437592617040307e-01 -1.651912933098147462e-01 6.671366025710884218e-02 4.383688798232978634e+00 1.165714311530653413e+00 2.485044674595857117e+01 -3.048427646607670960e-01 -2.168061357669189004e-02
1.169952167990226943e+00 2.475982891530328445e+01 1.132294590931397782e-01 3.728594455223869231e-01 2.400045405099039963e-01 -1.492820917932261536e-02 3.085246733417509879e-02 2.456195196675962311e+00 6.531477824353016937e-01 2.473738842827261664e+01 5.341420249517080387e-01 -3.026044447267181581e-02
6.730356851490393311e-01 2.368790616083057543e+01 1.015653670779979034e-01 9.646444242789844470e-01 6.937806822363612458e-01 6.093292034600152757e-02 5.344832293437121185e-02 3.379090753245801881e+00 -5.446031475218308104e-01 2.363487835579970309e+01 6.941815591456147461e-01 5.436682106132016690e-02
8.004316111286651214e-01 2.373870054769998106e+01 1.468616385669979929e-01 2.397295924561221980e+00 2.553345325629650109e-01 1.547498753831169638e-02 3.758790360331754066e-02 9.911866976242573735e-01 -9.858695536136283799e-01 2.369866789717555733e+01 2.971424025127572310e+00 6.325036159195913943e-02
1.878911173088939623e-01 2.066852429713888029e+01 1.297105304827211869e-01 -1.323561908996365943e+00 5.873675138850829036e-01 9.518073188130504389e-03 4.444979235707573889e-02 1.965891302347782199e+00 9.756516642463117783e-01 2.054553350719674398e+01 -1.532620886002168170e+00 -4.766841498441122538e-03
5.245384408223592310e-01 2.289534310276032514e+01 7.721272488156069591e-02 1.143718347969791549e-01 3.223211958455680093e-01 -2.218285332075773525e-02 5.355693817906399118e-02 1.177234182871288448e+00 -1.094640079666748811e+00 2.275740281967642176e+01 -9.404283403201521563e-02 -3.560016613796217894e-03
6.997687438165145490e-01 2.333072820468198927e+01 1.100890211327493901e-01 4.619607848053585153e-01 5.249974202889717834e-01 -4.400618049320109693e-02 2.863098200186679071e-02 6.151515675900339986e+00 1.384799031465319352e+00 2.350447095558896393e+01 -2.108256130494714775e-01 -1.599767541992938580e-02
7.278904174983689135e-01 2.375815042656974896e+01 1.096973323192870914e-01 -3.402156685207022857e-01 2.996761245393709805e-01 -3.630366513950473994e-02 1.994903272439534775e-02 3.661886285885675107e+00 3.931816945786691386e-01 2.363023048725321118e+01 5.194585914650184932e-01 -1.217255841024589454e-02
3.961168633727829569e-01 2.253060190887284975e+01 1.171467185494273200e-01 -5.815591567428628483e-01 1.306034315026232684e-01 2.341543757075129073e-02 2.288440632231091704e-02 1.009978055354871174e+00 -1.972114270255240775e-01 2.242260520841661986e+01 -5.962933118280289158e-01 7.938481352097374877e-02
1.087424974860438098e+00 2.460739771000611142e+01 9.579520778538710979e-02 5.850856837909271801e-01 2.627925861277480291e-02 -4.843905008006762700e-03 2.955566566119922911e-02 2.416084488090391336e+00 -1.134437771008928619e+00 2.459548570457550909e+01 5.776943155183797973e-01 -1.321343854498116706e-02
3.380536705750272208e-01 2.172616460613556200e+01 1.428326027876064830e-01 -4.880701262442356247e-01 2.130334402489184320e-01 1.044474232865826718e-02 3.782943435567830137e-02 3.276031391087425693e+00 -8.811663643027102255e-01 2.166928355377360660e+01 -8.252987687628190461e-01 -3.435575713000935810e-02
5.728480984555464062e-01 2.299483022364304574e+01 9.836248446982420734e-02 -8.856936256972556265e-01 1.616687999313497492e-01 -3.459253677131591403e-02 4.567918954459834063e-02 2.631081166856166220e+00 -1.118027670527548034e+00 2.292189563597555235e+01 -9.073945695098171171e-01 -4.363278737676898333e-02
1.276388295377851811e+00 2.495989027637867608e+01 1.145157123088532958e-01 -6.621290576855014542e-01 3.907220724438031922e-01 -5.441684321623471710e-02 3.193535404253110971e-02 2.114727975175540120e+00 -7.275596227429136365e-01 2.493843811656452658e+01 -2.536865602609770232e-01 -7.635204645839474558e-02
6.561444084423997403e-01 2.352195609611010951e+01 1.008559851887917691e-01 5.715805046900502839e-01 4.974967333644878531e-01 -1.378190583576478258e-02 1.287139844310064216e-02 2.335521415346803575e+00 -1.234113646863370883e+00 2.315572217766492358e+01 2.490321625154727214e-01 -2.752033155539423959e-02
8.222578528360868777e-01 2.341652298594230075e+01 7.520448723185081674e-02 -3.691518756963731995e-01 5.248895017293474519e-01 -1.676448958607837103e-01 4.790323241674217941e-02 3.497632065469482576e+00 -7.406472397667711594e-01 2.339887618144148007e+01 4.991129864507216629e-01 -1.549486040426180100e-01
8.687757692450208680e-01 2.457940921483249141e+01 1.129459974611695255e-01 -1.644966760204036760e+00 5.756637828744854968e-01 6.713195139337867212e-02 2.178456518325544780e-02 6.160550497910816103e-01 -1.723359305611626424e-01 2.444045323379455681e+01 -8.925327248771373068e-01 6.862238523009051017e-02
1.241164641843732319e+00 2.504633197715825332e+01 9.037522925571114807e-02 8.487564223553528686e-01 3.518683625260676795e-01 3.820268026129930439e-02 2.252272869940736763e-02 2.056244107626654660e+00 1.181940641545239590e+00 2.503178536361395956e+01 5.816444179287341143e-01 2.583825824720829833e-02
5.350733184876839132e-01 2.288781891569893645e+01 8.785860589900085227e-02 -6.837112619517006218e-01 3.973762587214409447e-01 1.064880232595440644e-02 5.171020610153227726e-02 2.780916890618834625e+00 -9.048714301535072391e-01 2.288692818013904073e+01 -6.277954057541133004e-01 -4.730383801898534885e-03
1.682118082078452037e-01 1.990964328504058400e+01 1.017581610715577317e-01 -2.975459867511447420e-01 1.392219554314358676e-01 -4.197732518327854101e-02 4.661679989374464816e-02 3.541839579399225446e+00 5.578996411245882303e-01 1.995182614894884310e+01 -3.527632538347725277e-01 3.829223733544419306e-04
9.175032146058728078e-01 2.379460751257760620e+01 1.183975668716904378e-01 2.207232839425653514e-01 3.981776227589169936e-01 -1.126155783755726780e-01 4.476115828514166256e-02 7.918486062571622464e-01 -8.690916354611105676e-01 2.371168331359624304e+01 6.833474342213246011e-01 -1.338532499225443817e-01
1.108137267130214543e+00 2.495286554517381461e+01 1.268125848450228910e-01 -1.319216453983202753e+00 1.501859990532903033e-01 4.814714227035460370e-02 2.629031214140383280e-02 2.438367114551150738e+00 -5.962580253302337541e-01 2.474370762798088563e+01 -1.224486231422022176e+00 1.053310074791814072e-02
4.701198333822036446e-01 2.221785956711687149e+01 1.231339092518779210e-01 6.796897143870115343e-01 6.155129907373610987e-01 -2.319956257547028250e-02 4.604334716234406710e-02 5.586272576271712254e+00 5.322331437574422397e-01 2.244672094014589447e+01 3.925049595845989669e-01 -5.909642159317621268e-03
3.697641610799979883e-01 2.206195031570995368e+01 1.069612776349550820e-01 1.723490634949079947e+00 2.430771633183014258e-01 2.319139328158942304e-03 5.113408821833151374e-02 9.227751923013156610e-01 -1.185610437354780888e+00 2.184348354745567278e+01 1.977054992009191769e+00 4.910956620695679231e-02
1.255841315698241090e+00 2.518082328684928939e+01 1.319473552271798467e-01 -1.892387934835704666e+00 3.946850129482864511e-01 -1.199426881447396148e-01 3.390766648596075378e-02 2.973547323136941922e-01 -2.209604322999111081e-01 2.531649622052709603e+01 -1.837364340705849308e+00 -9.706102822907868022e-02
4.318462667200593241e-01 2.215847000872875583e+01 1.085386691104134604e-01 -1.537277494371339870e+00 1.352105384672177835e-01 -6.834805755195851040e-02 3.262993434248918218e-02 3.084492666975517494e+00 -6.543141200907323096e-01 2.234418073747918143e+01 -1.664739334232843593e+00 -7.318531223529904650e-02
1.210116333686020340e+00 2.528711926618997552e+01 1.190955043556794629e-01 1.225605258646529139e+00 4.669953553663148682e-01 8.887458205324974547e-02 4.265910295264800645e-02 2.030101952960380096e+00 -1.245083859805798943e+00 2.508049529354715190e+01 1.287398776533422051e+00 1.050953919737598746e-01
1.142725336499315958e+00 2.586041861710152645e+01 8.461592390483846371e-02 -1.677839974803594369e+00 2.393357718776739085e-01 1.674126262226909301e-01 2.700467123575387221e-02 1.430922597634899374e+00 -7.759693209064003616e-01 2.578525631707510257e+01 -1.545753880041189410e+00 1.646844645745746960e-01
1.232381560125206388e-01 1.876909001153478229e+01 8.701615314080736463e-02 2.895847048266284585e-01 5.036833552786484924e-01 -1.228568132315518147e-01 3.905698903593014110e-02 1.432914397716581023e+00 -5.660575406268290033e-01 1.873416001934386088e+01 1.446149171142595002e-01 -1.357567143107674956e-01
8.939927513938608072e-01 2.458855066806666301e+01 1.232400013531358418e-01 -5.024484249359807420e-01 2.940007113083187296e-01 9.035871697891394161e-02 4.520247418782812054e-02 4.476053150574674788e+00 9.025694512216440035e-01 2.454338682277544947e+01 -7.688051389205982078e-01 3.247133202472127916e-02
2.635253696891259878e-02 1.576489501377557367e+01 1.489731654067498745e-01 -8.255042865483013248e-01 4.656719656894872106e-01 4.516617112901379766e-02 3.956085536516371765e-02 3.166817197790822824e+00 -7.939014132108143107e-01 1.579124918335684136e+01 -8.430496534461021652e-01 5.383788567627133259e-03
1.147825174095360445e-01 1.852274641753798790e+01 1.483437040435758025e-01 1.113894807429015588e+00 3.076430204048208328e-02 -1.003308593550474026e-01 1.557051361725700703e-02 9.415369253191102628e-01 2.428993185580814729e-01 1.876389888058810129e+01 1.148813997956555255e+00 -8.668646736733405522e-02
8.918149694823671592e-01 2.492074164518837520e+01 1.142233787954922558e-01 6.600633512841082018e-01 3.366532501229183572e-01 2.565579542438821137e-01 2.165824184052488055e-02 4.086478298997217706e+00 6.631254676319942032e-01 2.496059203757324596e+01 3.789943019658437717e-01 2.522467395691257441e-01
7.492801658231529327e-01 2.376134452640857120e+01 1.371917232665154085e-01 6.506061644304613756e-01 4.404808969456196488e-01 5.683053585385550166e-02 4.544717651506941652e-02 6.851781996128275543e-01 -3.874535238510837809e-01 2.371494048105893171e+01 1.151250518445095627e+00 2.332558948102980700e-02
7.157641140215413866e-01 2.332585139159991883e+01 7.021486739140786471e-02 -4.608420988091580517e-01 4.094737313893366260e-01 -1.160456403473353604e-01 4.778936427222406358e-02 4.892980904666741182e+00 9.894726930550052924e-01 2.329673681544805319e+01 -1.460147486817574836e-01 -1.291843670590755999e-01
1.032975988954881075e+00 2.447408440305218491e+01 1.008058877825304955e-01 -2.047746414508932467e-01 1.280023997742160968e-01 -6.368438647783136730e-02 3.396809723711555901e-02 6.124186276948267782e+00 1.231086787179067388e+00 2.462880481706528002e+01 -1.338294422493473967e-01 4.236691749284281217e-03
7.672851908674473975e-01 2.367280491342508597e+01 1.437377394175044509e-01 4.999032411386832853e-01 3.990219243325507370e-01 -2.755624349443737409e-02 3.870324109266561063e-02 5.169424156399175629e+00 6.518339427181015777e-01 2.348318324862256290e+01 8.960996687717763809e-01 1.204365148485096043e-02
8.532587726525082683e-01 2.436837484210671079e+01 1.210139522142632401e-01 2.458843448791202757e+00 4.074950856527050913e-01 1.738605572552019141e-01 3.649029729767251651e-02 3.354865380991824075e+00 -1.030894471893136627e-01 2.437585094020487730e+01 1.394057889802255090e+00 1.137911014125268655e-01
9.781073592590148191e-01 2.445659992192375398e+01 1.081975908082703358e-01 2.168626811119596653e-01 5.429493205949904588e-01 -1.043062891383005585e-02 1.264022092778673001e-02 2.952528379807977110e+00 -7.527675949949508283e-01 2.449818275273744206e+01 -2.362788380933950050e-01 -8.825147586275710471e-03
5.427136073489275958e-01 2.248931187983556157e+01 1.213213194689325286e-01 3.113680165692382928e-01 7.373881510188912136e-01 -1.112483646101959101e-01 2.319522045456779910e-02 1.403916100863645156e+00 8.643920317396214248e-01 2.246476211971129544e+01 -1.973395250617616253e-02 -6.989911909787872857e-02
1.076357894244024838e+00 2.422856807920273425e+01 1.572449642179971074e-01 7.077823380472492154e-02 4.585844386785192239e-01 -1.585667336250144444e-01 2.312743701980969624e-02 1.116284769001528066e+00 -6.063902093178437092e-01 2.434735675164329294e+01 2.830019693519626456e-01 -1.331372911245161939e-01
8.577921232092795556e-01 2.372529302440823784e+01 9.520329742120607619e-02 3.340880176524905210e-01 5.418902973835554304e-01 -1.882052448339329720e-01 4.233113417136787071e-02 4.801393092459102618e+00 1.250154427686950731e+00 2.359127096500781562e+01 2.008350587050692360e-01 -1.314307911353535252e-01
6.210870996319612924e-01 2.324784304554327363e+01 1.420510269008727067e-01 2.475356219667057545e-02 3.611653481159300405e-01 1.229994694992802284e-01 2.885183748218332969e-02 1.139674456904491207e+00 4.041812566781707305e-01 2.341492023208666140e+01 1.030221940897846633e-01 8.739681125921069937e-02
2.076704942202185489e-01 2.065741178245493970e+01 1.144936491120006616e-01 1.191952831803389179e+00 1.593196263800414070e-01 5.891103835737314387e-02 4.386961531160116223e-02 2.590024835399004743e+00 -9.153991883933251250e-01 2.044993690917787177e+01 1.227500454117947948e+00 3.463728273257786483e-02
6.246186264983113468e-01 2.272777119777596511e+01 1.158842939832104707e-01 -4.300188374155510806e-01 1.075585442269931802e-01 -1.498999919045388152e-01 4.390723822573898427e-02 1.357393680384711532e+00 7.503840417141113273e-01 2.285043427865441501e+01 -4.687010410488857137e-01 -1.194689728215096308e-01
6.829335728857999221e-01 2.351248168916462333e+01 1.037024567099560646e-01 -2.226292762548510162e-01 5.110021250700578221e-01 -1.058149330507422436e-01 3.430721548299897616e-02 2.516412258524962642e+00 1.090294673671258208e+00 2.332805154720031382e+01 -1.290045327292698718e-01 -7.975484035720850629e-02
9.716601451088733299e-01 2.362720327334023551e+01 1.325954577185432526e-01 8.151070396834573240e-01 4.725089838029664646e-01 -1.363797471577774534e-01 3.909994838865749750e-02 6.906612549744858276e-01 -3.276963101455759864e-01 2.370489180688085185e+01 9.184057400914229508e-01 -1.753959755031871959e-01
6.186673312200157149e-01 2.260011523784577747e+01 1.190279854214648381e-01 7.240471041925278239e-01 1.421650584777519322e-01 -1.207917451852892760e-01 5.504627423581691381e-02 2.845661242217987219e+00 -9.602794277965073233e-01 2.265882476089867481e+01 6.278492959653513283e-01 -1.097586327970446612e-01
9.960246210173833159e-01 2.498354788278794913e+01 1.089026632627812102e-01 -6.323691774247546249e-01 5.779646879108502056e-02 7.769574354589346699e-02 1.036861804822441016e-02 1.093714173057631855e+00 -7.951831734739490676e-01 2.492935688305934505e+01 -6.412495327049396732e-01 7.441632696812447434e-02
1.182950217272505267e+00 2.502955996924419324e+01 7.270796602638071593e-02 9.371813467929937524e-02 3.242398161293872372e-01 1.331048520699928406e-01 3.495833862444407136e-02 5.275605159316671955e-01 3.102109555369169103e-01 2.510591045294460599e+01 -6.483553338657474518e-02 7.612101888975320030e-02
4.181064073782239099e-01 2.171678860781953446e+01 1.120568217869683247e-01 5.965283087987289790e-01 2.265564249960821119e-01 -1.013142235126056889e-01 1.090609027899004657e-02 3.733969919611933364e+00 1.167122035882878772e-01 2.186336491764972223e+01 6.961145752589327218e-01 -9.693427016918690353e-02
4.095918099925777156e-02 1.689343779363937514e+01 1.398171995663063660e-01 -6.754033360735587355e-01 1.567371242077877092e-01 8.016446469636730188e-02 1.994319442301849266e-02 2.339810042062040019e+00 1.255832665370347767e+00 1.690801830050003574e+01 -4.244063035568486075e-01 5.443760711215417381e-02
4.483334198673984972e-01 2.204051206924225781e+01 1.140812768385366660e-01 1.224626915009540351e+00 3.566972252882659733e-01 -4.912033052403730338e-02 3.885515871521220271e-02 1.399440321922445163e+00 -5.970692423608847665e-01 2.190700845985687195e+01 1.028816979040326540e+00 -9.409517492864524768e-02
9.997014544084679155e-01 2.450733898225070817e+01 1.255104740613560976e-01 -1.092621516700359230e+00 4.287661403235960567e-01 -8.368819439183870779e-02 3.988511032917683996e-02 2.306725597632250047e+00 1.060956784185739243e+00 2.429703464052996864e+01 -5.973400988259819355e-01 -1.296671426234926039e-01
1.194855362166642454e+00 2.463239319347171730e+01 1.397772461052791959e-01 3.690633778362977790e-01 3.216591302013083742e-01 2.609853617744671561e-02 6.989621936202414232e-02 1.367826946256477161e+00 -6.288851112281255151e-01 2.482945348793021267e+01 7.561104790093312600e-01 3.528806498237849198e-05
9.951619466474896925e-01 2.464576999212655650e+01 1.171348811072715906e-01 2.134781947493338550e-01 6.214102141782362754e-01 4.007740679935629241e-02 7.035899048820651314e-02 5.684150036399489014e-01 -9.830018088906495866e-01 2.459427185977625285e+01 4.470240187327458870e-01 2.505824876114172428e-02
7.389401531559780523e-01 2.373761527616205314e+01 7.730767411470507167e-02 -8.051893354166852479e-01 1.902447147694311946e-01 4.586843935157338889e-03 3.319540917601628005e-02 9.965356729353949117e-01 -1.312794900170479950e+00 2.376723786563849217e+01 -1.030217895985800824e+00 1.041243256847568938e-02
1.251355523938577630e+00 2.445011230296138294e+01 1.004393996090235802e-01 1.457996724132397226e+00 5.162854316061856741e-01 -6.871511244735344082e-02 4.118444653486409701e-02 7.537234712800923164e-01 -4.642394791335602289e-01 2.446004169018683783e+01 7.035810036993043193e-01 -9.866115597741932641e-02
4.711751868621423256e-01 2.255506113646922373e+01 1.290828761495119159e-01 6.507915959240664350e-01 3.388545096716720773e-01 -6.943816485797638105e-02 3.903191270977563604e-02 1.394649402380424563e+00 6.425076801617209121e-02 2.234977704062794857e+01 8.224857144306197965e-01 -3.813848731597642427e-02
3.186777060522858473e-01 2.160216599974416596e+01 1.291457071532626788e-01 -1.327852881499333115e+00 4.051276479806992237e-02 -8.022151072929788185e-02 4.681274997705486135e-02 2.961853354799935722e+00 -6.034370097864990568e-01 2.152372012543514046e+01 -1.274511208505755500e+00 -5.001240301371175090e-02
7.000637373574787325e-01 2.370100472498678457e+01 1.191638021374304413e-01 -1.086421486253362767e+00 3.466663106906731628e-01 4.163471818848399342e-02 3.934780434691539930e-02 1.112075728048370626e+00 -4.328220538154484709e-01 2.363958719837453515e+01 -8.325901209046606688e-01 -1.024064599923504848e-02
1.724986243216775073e-02 1.488577481272652037e+01 1.243089357229472114e-01 7.386029990488178765e-01 2.985758965229993178e-01 3.852052003953693876e-02 4.860234725994626998e-02 4.907925632890710599e-01 -1.681750752843465535e-01 1.495548665061870253e+01 6.920312094126599423e-01 6.802199719551993429e-02
4.714403366774979620e-01 2.273621764477651297e+01 1.174218979601377583e-01 1.425147498886673691e+00 1.149266896151273087e-01 8.658645027042405351e-02 5.247630206893393046e-02 2.703292836565536206e+00 8.609121486570457671e-02 2.258366788850030460e+01 1.170037699827039201e+00 1.616579928654675313e-02
5.553829870800630619e-01 2.325203544591298765e+01 1.204958745525242514e-01 -7.822066649855750897e-02 3.272525885984600147e-01 1.368940982705720288e-01 3.068327988122834804e-02 2.980628975342143328e+00 8.951069328491902122e-02 2.338734270738529375e+01 4.893788990523754989e-02 1.463316752879130767e-01
8.006445799814312370e-01 2.310165683404725101e+01 1.156096015709587727e-01 1.173651301286022797e+00 6.691142234376603604e-01 -2.375900924315700602e-01 4.972212150856429591e-02 1.282638196446562295e+00 6.795621223604338956e-01 2.295619276815740051e+01 1.666440499420579702e+00 -2.324861543783319218e-01
1.195657674422810679e+00 2.490342807206648601e+01 9.720069433206965370e-02 -2.331377165465839674e-01 2.188172127423824165e-01 -1.041614949334823681e-01 4.002640301779307463e-02 1.229918289378874707e+00 -7.443675071193754933e-01 2.496082856049573451e+01 -2.519387604746360365e-01 -8.239871765460218822e-02
7.009653645661646504e-01 2.340782031739407643e+01 1.103706742745295538e-01 -1.553205631197944303e+00 4.556752713554360623e-01 -9.912374820158442734e-02 4.358081263034377373e-02 2.674791777704352835e+00 -8.800840025709475434e-01 2.350244784296544864e+01 -1.086200320785836837e+00 -6.181609528851594870e-02
4.697989437461651541e-01 2.282413569366909911e+01 8.947704052424557131e-02 -2.424620238547195439e-01 1.906357258786351705e-01 1.288998587682025840e-02 2.630756973396781301e-02 4.010959206720200676e+00 5.626599074941907030e-01 2.281077385150236481e+01 -1.715306133007917511e-01 3.728235713622841951e-02
1.186854861622482993e+00 2.487707912132374233e+01 1.263462939732110657e-01 4.811892468390169264e-01 2.044016390315972487e-01 -2.873610316334528417e-02 2.860843343847405129e-02 9.599983400037485071e-01 -5.545216681581461859e-01 2.464607279376156512e+01 4.217893580831612033e-01 -4.489174306390869562e-02
8.665543996665965309e-01 2.409792345214937015e+01 1.206284274945124413e-01 -1.096499330586592436e+00 1.029039630796160787e-01 6.441890985842999018e-02 3.907227267337370913e-02 5.030156263219992319e+00 3.272111484426017403e-01 2.423440383558498112e+01 -9.418206125139142459e-01 4.266581075663480882e-02
1.255866008443543791e+00 2.470769410709387159e+01 1.397159140774138775e-01 8.399230320915374026e-01 5.584390239598762129e-01 -2.931260857082907539e-02 5.579599868075674901e-02 2.475572278567421125e-01 -1.068755834616902239e-01 2.470003300458573037e+01 4.971911267965191117e-01 -8.294687826814074738e-02
5.444261768707017168e-01 2.303037730460131272e+01 1.150014923376646986e-01 -8.980586866081283204e-02 5.094919393622263648e-01 5.857497787923078569e-02 2.070807998793618154e-02 1.489900886401673841e+00 3.703753227207839394e-01 2.315696317612713173e+01 -3.222140775741134666e-01 6.605484746496288750e-02
3.805536250337235860e-01 2.216142615721905784e+01 7.939945038770239438e-02 3.155299768671177008e-02 2.839431086160856266e-01 5.732617937186439139e-02 2.206424178522995577e-02 4.320201857809022883e+00 6.164425680658749407e-01 2.211740753639791990e+01 2.897604979654341828e-01 6.566173516657826392e-02
1.067452821612137726e+00 2.538070442694737494e+01 1.219523144846976354e-01 -2.141355368230870138e+00 4.192356804419048455e-01 1.496953570211857487e-01 3.074087526698105616e-02 7.249271985159767562e-01 -4.551209126852094333e-01 2.550541205541446388e+01 -1.832697744390910044e+00 1.370586087661936348e-01
5.338111707114494564e-01 2.260471441505389834e+01 1.177801754355617403e-01 5.474357062746052494e-01 8.053104338629213377e-02 -5.113148666391596070e-02 4.081870372206967273e-02 3.704803790211111281e+00 -3.185005066774103388e-02 2.257389227961875022e+01 6.581678170402752714e-01 -6.997114475493995678e-02
6.700948015392969026e-01 2.305578627161145988e+01 1.263541999491173129e-01 1.968861455478064570e+00 9.183247286508966489e-02 -5.730734777431589766e-02 2.866290720970770048e-02 3.188837463823292140e+00 -9.032245696373857324e-01 2.301594533662518316e+01 1.992449940963941568e+00 -3.810665899459243777e-02
3.524997557138689341e-01 2.135201220234091224e+01 1.057621597593318002e-01 6.659229127647661173e-01 1.949126690867361567e-01 -6.260795476978725516e-02 4.573744171088935800e-02 1.035205848457936506e+00 -4.541800197016142016e-01 2.146625283585447974e+01 3.723879731513365932e-01 -5.724976755470304046e-02
1.013636350182053558e+00 2.538812139522578093e+01 1.562896226380701137e-01 -1.751656942843592635e+00 4.018625110473516560e-01 1.539271675650150661e-01 2.600660756228809906e-02 6.236754835900924832e+00 1.260009706658199002e+00 2.526132902843320949e+01 -1.043770556625786217e+00 1.506283744071642006e-01
2.825206431190483425e-01 2.102824246186877843e+01 1.184849051969626560e-01 -2.871361204099323605e-01 7.685638218471443905e-02 -7.923686566817153554e-02 5.314691226988266931e-02 3.543645302851860190e+00 -5.749909186916482007e-01 2.105852437445727077e+01 -2.684809634105312370e-01 -8.428213469828392534e-02
3.261227271350757295e-01 2.140354217058789743e+01 1.354358459550422666e-01 1.037099395960671133e+00 4.431174783946060236e-01 -6.759015335587006956e-02 5.337041621320270240e-02 1.607685968007603661e+00 1.115159486882070450e+00 2.135736360078642448e+01 8.549562935854749801e-01 -5.363909959351174928e-03
2.600904753665922442e-01 2.096539594847142496e+01 1.056117671819766651e-01 -8.472809910781019249e-02 3.314512211353499160e-01 4.076024797284530377e-02 5.358548982296357927e-02 3.005042205757965101e-01 2.937969516122320712e-01 2.095246064452609858e+01 -1.761404207439558611e-01 -5.255066670480472435e-03
7.210710398879218719e-01 2.301944059458030623e+01 8.875628527327222850e-02 9.108525825561251954e-02 2.148663800725443274e-01 -1.493492221526921404e-01 5.502188878342734180e-02 8.459221168420176795e-01 -5.497874629317799355e-01 2.306177517807645572e+01 7.220056481895077705e-02 -1.790874860512700062e-01
1.081385527793544465e+00 2.513710498782292291e+01 1.278197884180718724e-01 -7.473548071167616103e-01 5.975831552683625869e-01 5.644521005924637430e-02 3.817983657819192661e-02 3.587375142441141751e+00 5.080254363961351771e-01 2.501102718948978065e+01 -7.653572928130104591e-01 1.157205475925471988e-02
8.684511689903233744e-01 2.433967428228684327e+01 1.262467994973077712e-01 -2.042765252956892486e+00 4.977569048360207526e-01 4.031017276578550967e-02 2.077219092849391657e-02 9.949461694078746143e-01 -5.952923081307041064e-01 2.434162671647604270e+01 -9.718371144989910171e-01 2.880174490858557895e-02
2.567901294684931113e-01 2.040523345483776652e+01 1.023278907223724443e-01 -3.911539707651169318e-01 1.976080403240989825e-01 -1.898125559391922734e-01 3.220519496124465975e-02 3.826303450498043102e+00 1.457176671079984387e-01 2.042527759430789658e+01 -4.334242794400907095e-01 -1.683237934656909851e-01
9.087716206284248699e-01 2.381056788474745289e+01 1.203037871228291172e-01 8.298725144085866701e-01 7.971035475923948788e-01 -4.126051145890729382e-02 3.195048990683932444e-02 1.618268807762316852e+00 -1.151691691463995193e+00 2.394313148925802892e+01 3.114767390552879434e-01 -6.667422766642719378e-02
3.416925782992128457e-01 2.142321126174989843e+01 1.084417816189764960e-01 -1.361666482741432205e+00 2.113638107147101375e-01 -5.076731206383487682e-02 5.447327308479923275e-02 1.868329525029543525e+00 -8.248847258194326182e-01 2.150366047601867336e+01 -1.192116022415708798e+00 -8.616410486567901983e-02
7.497670040286321669e-01 2.295972168195702778e+01 9.695366624317605653e-02 1.638066751285680356e+00 2.781513076544765428e-01 -1.454505834804470932e-01 5.018761800270520046e-02 2.057098063400750743e+00 8.404764388132459629e-01 2.301696562848663774e+01 1.523285151446572838e+00 -1.530797479260120886e-01
1.296938938916953887e+00 2.516215178978504241e+01 1.060270426989077808e-01 1.916547200465963108e-01 2.755816519721078772e-01 6.842581841061011472e-02 5.587287313806560407e-02 9.689139750234196935e-01 -1.276784149415463865e-01 2.529117186598126565e+01 4.275260162667549046e-01 8.150638133793532136e-02
1.178769128361930374e+00 2.487414660254945531e+01 8.843043030416761208e-02 3.143767493432811366e-01 3.108186004968508387e-01 -3.453737236235190217e-02 1.156837482058484246e-03 4.989177144973379052e-01 -3.002146144845767653e-02 2.481129677315689008e+01 1.541013530862297698e-01 -3.418156663525463018e-02
9.606297942814723267e-01 2.404921760081712634e+01 1.189194687714385523e-01 -1.503699093931995856e+00 7.249735868209302714e-01 -6.304577925721208120e-02 4.666281598748948933e-02 9.759159572070993383e-01 -4.086859062435680423e-01 2.415288733114897113e+01 -1.776348548251172055e+00 -1.385857943017221872e-01
3.878610082861388975e-01 2.179143778447254576e+01 7.641716169979256845e-02 -5.995697043209503585e-01 1.564595467027113662e-01 -1.158648072727632428e-01 6.004416211988254648e-02 3.616422196417963253e+00 3.046449450063730066e-02 2.173388553657738598e+01 -4.163022033993163395e-01 -1.010348730772929193e-01
4.208355181097480635e-01 2.197587247439516744e+01 1.117987350457917278e-01 1.681648146432139113e+00 2.981673945534320525e-01 6.601934082237309598e-02 2.254443970367008346e-02 2.279238106876725567e+00 -9.405773267477478550e-01 2.199074473560327192e+01 1.929206042142371347e+00 4.309826950474066054e-02
1.001329242511310724e+00 2.400756727742945174e+01 1.319046589388998825e-01 9.511733511888187387e-02 3.688334251559812205e-01 -1.374940347719409706e-01 4.070960152029635265e-02 3.973756471525808354e-01 9.835141500792791147e-01 2.397587715951654630e+01 -4.457301014649877047e-01 -1.726507857490164333e-01
1.032812239140166621e+00 2.491413543783268025e+01 1.034415270181340829e-01 8.514364519705162060e-01 3.453522159589159091e-01 9.982482018541768976e-02 5.621232104019600884e-02 2.827411295828371252e+00 -1.475485070402043908e-02 2.482837759650045584e+01 3.010475895628085818e-01 1.350294810941916612e-01
1.298497657718918674e+00 2.495628141340932871e+01 1.000361318648338438e-01 3.640798417610400795e-01 3.691620832540548625e-01 -1.791348653031349381e-01 5.011805807448083128e-02 2.973082587058295090e+00 -1.158150923900415963e+00 2.495606063344207115e+01 4.842173175920611583e-01 -1.027807265304054307e-01
1.185333995496748560e+00 2.499401669944578686e+01 1.350110540571074491e-01 -7.902215885497230197e-01 6.286780417467083826e-01 -1.406584837268423649e-02 5.064081467694796224e-02 2.299898525353131218e-01 -7.447702588303886095e-01 2.504805289999808693e+01 -8.786706234174261887e-01 -1.213498051604248486e-02
3.363681660933681705e-01 2.149874259302467294e+01 1.146509370954871126e-01 2.256100690878330983e+00 5.796055314419383819e-01 -2.338208711766648004e-02 2.877629116057085074e-02 3.627914330517258090e+00 -1.144774949965979977e-01 2.142719070760863076e+01 1.897479750220527617e+00 -1.340756660077987300e-02
2.259965143111621888e-01 2.032384063252116135e+01 7.259490785788097478e-02 4.251685066980591121e-01 1.346550243504717470e-01 -4.363253881937331075e-02 3.984068452737406230e-02 1.423497255028452202e-01 -2.353696599821205326e-01 2.029550445492230182e+01 4.028360045842764303e-01 -6.576029052172030487e-02
1.137984779249475054e+00 2.441419549869206662e+01 1.413051671771027307e-01 -5.075750853982270439e-01 2.082136929701801087e-01 -9.800753971110860718e-02 3.783556049848306457e-02 6.089517329165837545e+00 2.781015258150298375e-01 2.447614020522626177e+01 -3.058230256699610017e-01 -1.420823094716656687e-01
9.977626903502372357e-01 2.454743348596759844e+01 7.693620450306679071e-02 -6.235158558699120945e-01 6.555283145495685582e-02 -4.893433212194049642e-02 2.938919752057311124e-02 3.344240701712445141e+00 3.159245787907942749e-01 2.463205455535046795e+01 -5.853740932221142002e-01 -2.928951910085149379e-02
9.726557987302348884e-01 2.447506201001614556e+01 1.012247643565767075e-01 5.047997288006692562e-01 1.922006951342395686e-01 7.530635950171865600e-03 3.742971419720905746e-02 9.459977946589744890e-01 -1.033157613738577840e+00 2.455895955922418494e+01 3.924916691241314148e-01 2.985752009098785464e-02
1.162852674464587288e+00 2.457983981307690158e+01 1.224730373681278822e-01 1.002714700727417974e+00 1.509108098459888414e-01 1.309063669007788297e-02 3.830119475039201610e-02 3.786412637903690648e+00 -2.576775495276236172e-01 2.473754574380182447e+01 8.257057430712885226e-01 -2.956656505382769182e-02
3.779051749632422741e-01 2.211107289910550477e+01 1.122228437140437157e-01 -4.885849653022824035e-01 2.444736967745592127e-01 4.893260798895818914e-02 6.405729517305756848e-02 4.133675039426684350e+00 -6.724987109442335242e-01 2.203519006763517041e+01 -3.445992132324983692e-01 9.563562621890703275e-03
1.233165323550518444e+00 2.421660138020168063e+01 1.295917632454771651e-01 1.090423056006002200e+00 2.437065134632680485e-01 -1.942594039014642338e-01 2.325874781550989895e-02 3.396194844093292642e-01 2.504872019311104037e-01 2.446613199523925530e+01 7.931772835001225097e-01 -1.462925308504597899e-01
1.129230191959421425e+00 2.451873125540257448e+01 1.183424680066749030e-01 8.326019432227634853e-01 6.149070740261569634e-01 -8.759331347548847402e-02 1.499947745382140818e-02 2.962258589633091521e+00 5.372979178193342253e-01 2.437365640994093852e+01 7.440832701999016141e-01 -9.281631475383651797e-02
3.872877453249572444e-01 2.182126528566337598e+01 8.635228218872709194e-02 -5.671687317330800227e-01 3.963862748510688094e-01 -2.575544880737311304e-02 5.647380552851593433e-02 1.152965861229009903e+00 1.106524079925851334e+00 2.190143318991227872e+01 -8.879293206354659240e-01 -5.788139231005268864e-02
8.209189496472846237e-01 2.399168984476657585e+01 1.234716559584641965e-01 1.553078045343529445e-01 3.231785016092785234e-01 4.114389560174416816e-03 3.033296858422058345e-02 9.086024152623397576e-01 -5.145307554756909374e-01 2.394888912628738353e+01 1.629420290626943102e-01 2.319167300629188661e-02
2.907239290199845616e-01 2.034344491195993143e+01 1.341115832615436265e-01 1.594886839787776678e+00 1.432512532823158324e-01 -1.599245412937569943e-01 5.625076026560768550e-02 2.890875622694526914e+00 -2.885111048911317977e-01 2.050842590695082635e+01 1.758152517805198434e+00 -1.937015878273818381e-01
1.144268297186982419e+00 2.470629664439988460e+01 9.760682456250760475e-02 5.118614006988466691e-01 5.031460791628057372e-01 -3.852542673037984144e-02 4.708392334957470227e-02 3.854388804419415671e+00 3.651395067647094650e-01 2.465645612902179096e+01 7.112127383438340278e-01 -3.732111806790172626e-02
8.799054843671756387e-01 2.351550989291854776e+01 1.481156335213723585e-01 -8.909670172319431591e-01 5.177902003259051700e-01 -1.502855310998150173e-01 6.958113882350203117e-02 1.417858382137301199e+00 1.115443358074971414e+00 2.352038287480888101e+01 -4.639922846884440566e-01 -2.388610143897442195e-01
8.508307162725821104e-01 2.442897904339091042e+01 1.549465311825361236e-01 -1.011263797854978774e+00 2.839471719212873779e-01 1.087418763747868278e-01 3.911333855080540572e-02 1.102506017303888752e+00 -8.298349165988079257e-01 2.452733510233650804e+01 -1.107296811571518047e+00 1.118944104795631528e-01
1.290237918689298713e+00 2.484222263525771268e+01 1.525434950177980975e-01 9.772999011810430403e-01 3.542378722437841132e-01 -3.207920429322218964e-02 2.754451648479113238e-02 3.645585404005435404e+00 -1.223541294519702033e-01 2.489064134089643687e+01 1.055219923539943983e+00 -7.886392915922924018e-02
9.813020451743010852e-01 2.461909962995260059e+01 1.053046982224683514e-01 1.194547985765592513e+00 5.621534421842817597e-01 6.971192799821118724e-02 4.911414769047686701e-02 1.712198537975863744e+00 7.157947620039351033e-01 2.445881996924586232e+01 1.157118655478746261e+00 8.904022748951048727e-02
6.865648107117159338e-01 2.425613724396242787e+01 1.238637623084922895e-01 -9.212239823175433218e-02 1.846935793829274086e-02 3.623136397377213491e-02 1.722449188497571573e-02 1.922004261623876387e+00 -1.276816691033391571e+00 2.406641511875702832e+01 -1.177770561246052339e-01 6.027954837863985782e-02
9.040022969107379680e-01 2.401828971835207227e+01 1.312016743418722153e-01 -7.670252485946882359e-03 5.062861105238497528e-01 -9.313905168154115732e-02 7.507450438377509527e-02 7.785099805421953345e-01 -1.439069022381147755e+00 2.395924695503613222e+01 5.601333305279042607e-01 -7.041535444435084723e-02
1.210569161475314903e+00 2.457691702808693179e+01 1.609704792189775302e-01 -4.065801059379001714e-01 4.163627221837356007e-01 -1.485414026974619106e-01 6.315696170070159154e-02 2.275045126927150996e+00 -3.785682469747772005e-01 2.462448149820362886e+01 -1.348739210606110517e-02 -9.675410816397317371e-02
1.130505997895054904e+00 2.463504634736107946e+01 1.241333877090141785e-01 -1.875157732052165072e-01 1.036289420810711515e-01 -8.020111031012704464e-03 1.545674533226552849e-02 1.186217786345718395e+00 2.064461936332130307e-02 2.456883844575597564e+01 -2.071238714142135395e-01 -1.511227462423947801e-02
5.228722155795790805e-01 2.351146810346457272e+01 1.014305632177977951e-01 -5.422923592669325332e-01 6.851220004438382527e-02 1.082933427208823268e-01 2.144234010964943260e-02 3.025061502551483539e+00 9.112152719989714544e-01 2.336301096007444045e+01 -6.344225486808126035e-01 1.225701654265653057e-01
1.045388873164420307e+00 2.439529716215617583e+01 1.077667382080230579e-01 1.116721463688692823e-01 5.351702078251785455e-02 -6.880403792662152795e-02 1.570676141675302756e-02 1.476130816229304976e+00 -1.157070439608485879e+00 2.443343598076495127e+01 9.531564763043137711e-02 -5.412491795828380803e-02
1.324661763217107602e-01 1.900796435503095694e+01 1.097719953811625848e-01 1.716020931264684801e+00 5.428904084406022124e-02 1.877479539284516823e-03 3.263810219226318671e-02 7.990917337684132482e-01 -8.723085855002550293e-01 1.906983272433265242e+01 1.622063205163153610e+00 -3.342396190465744821e-03
2.825903017814712648e-01 2.122573679835069527e+01 1.277482622681113400e-01 8.384898598373489165e-01 1.830683582176323987e-01 3.342258948427408172e-02 5.316656389703376673e-02 1.282409212144780541e+00 1.320367927228487614e+00 2.123429862558296932e+01 7.208781890168819428e-01 2.785437055825239899e-02
1.044859395233877830e+00 2.463574434509652988e+01 8.452584131130132239e-02 -2.560761055433533162e+00 1.716985385308350542e-02 -1.332483106637165904e-01 4.673873007762273379e-02 2.079613452343274105e+00 1.257951892686737017e+00 2.461824879414657374e+01 -2.574611969194172012e+00 -1.259979667813604376e-01
1.279702753338614052e+00 2.433016531374938651e+01 1.065202329573160661e-01 6.782564235790496943e-01 3.270547330411608389e-01 -2.564412069537557182e-01 4.587913960747588143e-02 1.858045906912855649e+00 -1.153971878310466215e+00 2.426453689169707317e+01 7.485306623056851016e-01 -2.598489021688130118e-01
1.272757536558226210e+00 2.478308926403872903e+01 1.032857443105553441e-01 9.902658287099854739e-01 3.191779142539254432e-01 -4.132635092846709962e-02 2.713508392352027496e-02 2.746338834141398344e+00 -9.593850964683314775e-01 2.475721485992094628e+01 1.697756900938273361e+00 -5.449157162046364133e-02
1.162444148522584708e+00 2.501756840409364813e+01 1.186449716436245305e-01 -1.885680562557177753e+00 3.729895271595209394e-01 -8.238318060359205164e-03 6.714442169835772856e-02 1.302752336624129814e+00 -3.131636149583971185e-01 2.529957706023752451e+01 -2.237932708054438447e+00 2.387958763557341407e-03
1.075803416563735126e+00 2.436845715130189305e+01 1.398963085309091747e-01 -3.595326466234025076e-01 4.583736717633000168e-01 -1.799959227737142620e-01 5.164743446717565134e-02 3.649322249675842400e+00 -2.042928220017736496e-01 2.412759118173470441e+01 4.047065273237316352e-01 -1.552580909364409956e-01
9.178401566563145764e-01 2.461793535722997106e+01 1.212886277035973431e-01 2.587656866744145745e-01 3.875341194119089061e-01 1.091183277274890423e-01 2.745157916242599652e-02 1.773217488597943481e+00 8.770140750425911014e-01 2.461647109550658286e+01 1.410840844037863362e-01 1.034095594164315263e-01
8.555391084760703979e-01 2.430889524661930423e+01 1.241521702238405633e-01 -1.668803514534712651e+00 2.970076666816181543e-01 -3.992043238553234091e-02 3.343447907825238680e-02 3.213131847720358092e+00 -7.893450886015770385e-01 2.424575996925747745e+01 -2.093163621919087891e+00 -5.991809798362764117e-02
1.230374968319584816e+00 2.499084201736189570e+01 8.035158328717945109e-02 -1.906072781865677745e+00 3.959856636446442701e-01 -1.550440174473619592e-01 3.304138000764103578e-02 3.530721565408572182e+00 -3.310934183258614216e-01 2.492555279945564806e+01 -1.077261313481326033e+00 -1.584442010671578971e-01
3.016512276819225402e-01 2.108095600034498318e+01 1.248154517580999379e-01 8.022725917033126652e-01 3.659013230403993511e-01 8.138098965062130763e-02 5.927237794070566723e-02 1.807954463662415856e+00 -1.079035178076878987e+00 2.130207109722486436e+01 6.885210530806916696e-01 -6.896010483895518434e-03
6.607548257507309675e-01 2.312338938487835449e+01 1.454992990212222725e-01 1.249227524225838826e+00 7.346211241084122934e-01 3.036467724219572492e-03 2.456139292017882336e-02 3.510722017434565245e+00 -3.613407278027864211e-01 2.322632274789607010e+01 1.081113742119685250e+00 1.800175846133966057e-02
4.588461870830393696e-01 2.277329517247106594e+01 1.221459981037800735e-01 -1.693244134597852391e+00 9.100171500566294203e-01 -1.742684975720264207e-02 4.099968123568351747e-02 2.708577725495581845e+00 -9.968457044412148971e-01 2.277519178887484941e+01 -1.908297895259596810e+00 7.367540924863429097e-02
7.388625771193124692e-01 2.358016505575591282e+01 1.337492362889874387e-01 -1.259482722896344553e-01 1.064085048857194848e-01 -6.996326176866518587e-02 4.109273269606955603e-02 5.391516510817739860e-01 -5.345905396442885982e-01 2.352597236937069880e+01 -1.652655860769288582e-02 -4.523157396276064612e-02
1.263584801215033693e+00 2.537827668451097551e+01 1.179120851224129546e-01 1.147246252521426202e+00 2.719682778174077331e-01 8.662228330716412183e-02 1.953715279975325875e-02 1.142665694241047580e+00 -8.687302414106712334e-01 2.535159516789149237e+01 7.417553691917547765e-01 8.322159306669422996e-02
1.171265390981064414e+00 2.546664744537772407e+01 7.616151461257267274e-02 -7.636656881924008822e-02 3.449763700252735377e-01 1.809244664300596883e-01 6.223111639202238282e-02 3.584113531402399744e+00 4.947487424151803675e-02 2.558842660723609086e+01 -5.492322030535109478e-01 1.206823130416375817e-01
8.692119117385690430e-01 2.413751861020454115e+01 1.317480646176999171e-01 6.918619259392351228e-01 3.886058630914528411e-01 7.432764798763173697e-02 2.728886357850814418e-02 1.095495101860587406e+00 -8.031198099367364840e-01 2.422254449114577568e+01 1.210637140271051182e+00 5.479821963728249978e-02
1.294115817567190074e+00 2.548761565814841745e+01 1.125102017173217617e-01 -1.525302524363009615e+00 3.846031893031601756e-01 -5.488134850839779255e-03 4.762398489979185329e-02 3.314173623266271629e-01 -7.043854401227884754e-01 2.545296186566594088e+01 -7.588893005070554976e-01 6.088990401833316302e-02
2.110648229105533957e-01 2.010368179057089222e+01 1.085644544665835265e-01 -8.080586970602742225e-01 1.461610475704101797e-01 -1.180836307896753062e-01 3.206639848150388133e-02 1.831089978572775001e+00 -3.825526043246063046e-01 2.006070346272805338e+01 -8.121806148731758324e-01 -1.068223345566840787e-01
1.285119641569241633e+00 2.489503820027592340e+01 1.308889811089628263e-01 6.789942317852379339e-02 1.784011037029493985e-01 -5.263461445042116882e-02 4.384119804658183350e-02 7.511701511970313438e-01 -1.053188025439075082e+00 2.491336261792050166e+01 3.138977794578944880e-01 -7.049275971634762911e-03
9.784416665903217236e-01 2.372530104985072441e+01 1.374902126693576809e-01 1.233317736121021690e+00 3.006633548230773223e-01 5.803018390840856272e-03 3.497813988314017047e-02 2.777273421654478991e+00 -9.583380136522053894e-01 2.393813740110090649e+01 1.159536784826660449e+00 -1.916640246700537092e-02
8.171639861765023216e-01 2.417476146081196120e+01 1.513359623760622830e-01 4.508180780027752910e-01 1.352815692842120610e-01 9.691598943059465121e-02 5.835370155506906797e-02 2.884539727583565583e+00 -8.020557614098965393e-01 2.412946198376333129e+01 2.252018754331610584e-01 4.835663775758738958e-02
4.316135616392751118e-01 2.188945508634030546e+01 1.426003358315447445e-01 3.794658443537844428e-01 4.257359658591992058e-01 5.847248196128689013e-02 3.860062769509248204e-02 3.508894730447193133e+00 -7.849449238673528173e-02 2.194340333565085999e+01 8.764663716350793443e-01 2.123775035882047996e-02
3.203187356350711834e-01 2.149376362602096791e+01 1.437891210116763741e-01 7.120716126840680449e-01 3.820895370226097265e-01 4.633834552478975632e-02 1.447546348810015149e-02 1.066839463527021081e+00 9.062493706545002858e-01 2.152437167093324533e+01 3.989109510280504090e-01 4.540716879661770011e-02
1.004454345816337746e+00 2.472064056275498700e+01 1.127222194913823222e-01 -1.491265726368712574e+00 3.409765090956040634e-01 5.082330494187912995e-02 4.096321093933455448e-02 3.363045884252431783e+00 -5.622375445550735762e-01 2.470272726024778009e+01 -4.125327603953842792e-01 4.048829228900562016e-02
1.189946139509066914e+00 2.540629557084751866e+01 1.248168201839075370e-01 -1.535935313164173088e+00 5.926220797538050977e-02 2.147249101184188144e-03 3.603854235460268729e-02 2.974961709451310110e+00 -7.288271428550886499e-01 2.541023059749025492e+01 -1.539307983623192655e+00 2.359476348136321094e-03
5.084032268520861653e-01 2.249716867335902748e+01 1.057261125281038910e-01 -6.264064452169615382e-02 5.121464618403640534e-01 -1.225472684927987888e-01 4.976014023663444252e-02 2.959174611981848724e+00 -9.481100111433837796e-01 2.254808773465976302e+01 4.300692661362702229e-01 -3.040161284509828449e-02
7.514449962609288658e-01 2.341851981893145762e+01 1.064145061503720263e-01 1.437020210029572809e+00 2.525418894007424031e-01 -1.411065648670362938e-01 3.532871773384502201e-02 1.471541178307032682e+00 8.487558774015474539e-01 2.346735763568064925e+01 1.393839090647511547e+00 -1.070234453738179436e-01
8.797177265840336879e-01 2.453370859174507146e+01 1.313181415652183714e-01 -1.867431744604672206e+00 2.270168049722368908e-01 -6.304263965803297287e-02 5.030505772245527640e-02 3.850974748051211094e+00 4.570017290892447459e-01 2.437207772617605173e+01 -2.228972028964123275e+00 -2.680076021595182920e-02
7.156204343933492140e-03 1.235788053908781592e+01 1.348630854983164096e-01 1.516215041266119057e+00 4.171435353508462507e-02 -6.236580749324820150e-02 3.916805948771536622e-02 7.747159336632424287e-01 -4.539313936125925486e-01 1.247478884974080771e+01 1.506162744097096162e+00 -3.137465917861104875e-02
8.944004316796154708e-01 2.379320804653534438e+01 1.548789382263277559e-01 1.311826602790076568e-01 2.856191650221073797e-01 -1.051138735816101316e-01 4.627264862696522929e-02 1.321166131229071450e+00 9.052491480366139376e-01 2.378910841078944216e+01 5.381842564681965646e-01 -1.201288729201251404e-01
2.730944039000091639e-01 2.106042866543775105e+01 1.310943658890569852e-01 1.835411015940118240e-01 2.852907713215838692e-01 -1.604922977485932073e-02 3.153063272366839198e-02 2.747783719554667048e+00 1.156432389767777291e+00 2.090274717831583828e+01 6.955688936277723000e-01 -3.079387091055730413e-02
1.746237054128865207e-01 2.035755613925400453e+01 1.442658114235984002e-01 -2.801155296120222404e-02 3.204089079972896603e-01 -3.970777947823204979e-02 4.404135821199441775e-02 2.646986096117576626e+00 -1.130716829515350907e+00 2.011190910000110676e+01 -1.544175631384595571e-01 -3.648767619913673155e-02
1.102865921646638103e+00 2.493432908825087679e+01 1.181207433960389103e-01 -9.434435549655989517e-01 4.824824393434951064e-02 -1.316204076065531983e-02 5.349805670694190995e-02 3.161719369576722061e-01 3.520568309808883023e-01 2.483978515331245873e+01 -8.727568308809233733e-01 2.244041206339482397e-03
1.077641672570009312e+00 2.499408979035935374e+01 9.315375840735318214e-02 1.462850961224356983e+00 2.127067388111255064e-01 6.742696595893687972e-03 4.743590647671294680e-02 4.480529528643931059e+00 7.695469123545328749e-01 2.473931160498573689e+01 1.253391486471649774e+00 6.805805049115519478e-02
6.418555520646780366e-01 2.316726453658820972e+01 1.250486201172697209e-01 1.778563837458713159e-01 4.142256465695474121e-01 -1.186558945147407340e-01 3.812047966270032395e-02 2.858716599259312208e+00 7.012836499135721713e-01 2.306873346281817305e+01 2.421066885461341522e-01 -7.198419441950450193e-02
8.395329207947339611e-01 2.395435571395164231e+01 9.290846007153416575e-02 -1.118393752362184523e+00 1.960282773738771245e-01 -4.510037611917759592e-02 4.937626461792658100e-02 1.188928458942853039e+00 -8.863725509511516387e-01 2.404089966648455245e+01 -9.653291169242210756e-01 -6.819257863093543259e-04
9.388737138096496793e-01 2.417809719063102847e+01 1.077720634113466525e-01 -3.482624053753848870e-01 1.207156670355530037e-01 -3.870650128986273530e-02 3.850100970680311874e-02 3.472279059044622418e+00 -1.239742644648172076e+00 2.421588314680852250e+01 -1.154730593222377810e-01 -2.582816852190884804e-02
2.712497451451219010e-01 2.099415546697522927e+01 1.322173393815141984e-01 -1.067788861156261926e-01 3.121475045193587428e-01 -6.992903641793314640e-02 2.087779929966915998e-02 3.471975300398637110e+00 -1.365917550203430975e-01 2.103359077367487728e+01 -2.619675196403643547e-01 -4.780768818522525970e-02
6.739423484254618568e-01 2.299137092497451818e+01 1.028054850072425697e-01 4.087498247015215469e-01 1.409359763377328878e-01 -5.574453612848444956e-02 5.997359987482826782e-02 1.233059167763583597e+00 8.129640320054392078e-01 2.310483526748194905e+01 4.063456518909901449e-01 -1.104105743674157342e-01
1.057502404834862020e+00 2.417142713186555980e+01 1.156089939081909740e-01 2.015177006244527114e+00 2.892590960027892066e-01 -7.447556118328502173e-02 2.959110295726844267e-02 3.131574447724634336e+00 8.717919420662512131e-01 2.429844477829250948e+01 1.232012339028773606e+00 -4.351426155986985733e-02
8.921793956649251012e-01 2.432154126558961948e+01 9.179286812216684577e-02 1.969804208347530894e-02 3.147497817774968509e-01 -1.536754421699481482e-02 3.201129413482881048e-02 4.163795717950327102e+00 5.291951376010135544e-01 2.428583280046747817e+01 -4.410859685743225844e-01 -1.977050981924523970e-02
6.080827208472883161e-01 2.346294489956833829e+01 1.510118116576876779e-01 -2.054726312809036060e+00 3.499765235378874406e-01 -1.073012634424518053e-03 3.770330666507974021e-02 2.558902264253779091e+00 9.726832384716140867e-01 2.350297295534869235e+01 -1.919386357877031823e+00 4.504348862216105143e-02
1.262544412376101821e+00 2.494648965554272024e+01 9.986180404325382953e-02 6.320073223000938212e-01 1.479817246386018470e-01 7.151795049368590840e-02 6.733453718580233172e-02 9.514577196610737309e-01 -4.648158126174512517e-01 2.503485602080385775e+01 9.012733912986377049e-01 -8.469541600316574798e-03
1.085154032632138499e+00 2.491431395070673460e+01 1.275903149288985239e-01 -2.924307388449964851e-02 2.762730350420098402e-01 1.215044019869405620e-02 2.362072463745692324e-02 5.499766561702230661e-01 -8.187838407052927536e-01 2.476888116352066405e+01 -4.697622060514338727e-01 1.313186592622814924e-02
5.212191584600929239e-01 2.227229669267115142e+01 1.326322611333899948e-01 1.216609219963150190e+00 8.942787435416055253e-02 -1.191505200941237602e-01 5.018242495661301428e-02 2.313873417302293234e+00 -1.000728228690361821e+00 2.208647020501045333e+01 1.411385726583918032e+00 -1.313999627711221474e-01
9.153435283034967451e-01 2.426133827672980203e+01 1.401181156079819301e-01 -1.938905648180992092e+00 5.170208993631794092e-01 -9.260396695413694590e-02 5.545623141650879440e-02 5.092379095556022195e-01 -4.215435255720641206e-02 2.453920671121272434e+01 -2.083494596637166740e+00 -3.747353770952321916e-02
8.634499361292531372e-01 2.442343833570597766e+01 1.272342473344609259e-01 2.307924279585977789e-01 2.644472605610177496e-01 1.093617504563306336e-01 3.805247389578106376e-02 1.550608722674941875e+00 -6.158138854593407929e-01 2.446213867217559113e+01 2.726359838606726704e-01 1.067144892389038785e-01
1.678598693906991901e-01 1.945758819385536498e+01 1.218169318430944309e-01 9.280162187890865777e-01 2.201004081006513458e-02 -1.923471912175264351e-02 2.544274120217452501e-02 3.382718730133781548e+00 -9.665616320762573377e-01 1.971658242239695014e+01 9.776411828993070152e-01 -1.647179906152322973e-02
7.352705382041282434e-01 2.342176807599805599e+01 9.087868514848290724e-02 -1.814654003597842902e+00 2.530260519084244208e-01 -7.438367539400597694e-02 4.768477310532497071e-02 2.426660738341940959e+00 -6.176105874746357083e-01 2.342229234434425678e+01 -1.549325170117769268e+00 -8.566705311548801494e-02
6.646975356543955993e-01 2.291796246864262088e+01 1.204956542376222073e-01 4.908018112158133994e-01 3.423070139678857648e-02 -2.089595550672011248e-01 5.733163838326692241e-02 1.270880622276069793e+00 6.910141142613794862e-01 2.279501671789245876e+01 5.601007471883315825e-01 -1.468537282665817456e-01
1.249932759567857765e-01 1.891509532403763316e+01 1.359517354750050533e-01 1.846661472004695881e-01 1.296005453583345957e-01 1.057671200654175525e-02 3.697644506394166114e-02 1.055864690256550720e+00 -6.723540671948730063e-01 1.895867503621135342e+01 5.652534722313458382e-02 -2.563580743325181294e-02
3.075163342779063669e-02 1.593379961558127000e+01 9.279680711255650083e-02 1.062103394779660537e+00 3.396254587331519192e-01 -2.310013996334284517e-02 3.389480384992236278e-02 9.089548759135231970e-01 -6.786654990489396910e-01 1.589657859812396090e+01 1.204089308921523660e+00 -8.281566381898204654e-04
1.006370719648050915e+00 2.419799181791990605e+01 1.151541734472851242e-01 -8.003570476188512361e-02 5.208884913958600205e-01 -2.134856575143315727e-01 5.021105163855330705e-02 2.518232392847089773e+00 5.003775825742031724e-01 2.402103601517309173e+01 3.491039201176519141e-02 -1.420105882547870180e-01
8.138417904252748247e-01 2.373430994272232297e+01 1.276440006295832819e-01 -6.500766791670697931e-01 3.684718923123768142e-01 -4.681958267179547190e-02 2.710151517956729122e-02 1.689344547361174564e+00 3.956672461676017383e-01 2.385456182404470127e+01 -9.030268929890929996e-01 -5.129903555334162230e-02
1.082821975647142221e+00 2.501453503837174708e+01 1.299040889508102925e-01 4.597099313943934229e-01 5.963171939095412988e-01 1.293276386268319422e-01 3.240689296083182347e-02 1.422704677308227694e+00 -8.833754535537848840e-01 2.501606518538830315e+01 4.586822733509395844e-01 1.353348696704183562e-01
7.575618518513693722e-01 2.358542180319104986e+01 1.050374703630539697e-01 -1.388058311728715299e+00 1.196378831611909777e-01 -1.216267368990100878e-01 6.360911114116019061e-03 6.471055104155327697e-01 -1.949380289820042689e-01 2.369042126065712850e+01 -1.300622239550105697e+00 -1.190558900945389575e-01
7.641223469052549344e-01 2.366463484263604755e+01 1.342266143711608739e-01 6.120601430474266191e-01 4.245871391020256680e-01 -3.340359671304016231e-02 3.318184544194902746e-02 1.433491437542886660e+00 -1.114221963569392404e+00 2.357376312566212206e+01 6.803831042405651675e-03 -4.176156418412396709e-02
1.164511883824222327e+00 2.484672097671114699e+01 1.163908119479264286e-01 1.525215882135952383e-01 3.481346530467887557e-01 3.548249899675243874e-03 5.045671214168243046e-02 1.082240270291980666e+00 -6.712171845676891957e-01 2.485413013918396530e+01 -4.713095675731001077e-01 -5.670623524051815467e-03
1.206716732639825373e+00 2.481972603511571052e+01 1.415038909770983955e-01 5.223474388535020996e-01 4.692468104779548566e-01 -4.716352150645439223e-02 3.980358553910583880e-02 4.447405641486728456e+00 8.772884303955237328e-01 2.457861672061727631e+01 7.696383191868507723e-01 -6.187458859055860322e-02
1.268610743870898006e+00 2.516518963162366518e+01 1.126789468213163364e-01 -1.691470312541376309e-01 2.676514618659168732e-01 -7.966256645778024836e-02 3.361781232614164533e-02 2.735976071096043238e+00 -1.044144776510600670e+00 2.509904431864987373e+01 2.731913936378451216e-02 -2.729700009435785668e-02
2.261085415242307661e-01 2.035636227740752346e+01 1.182956876924199097e-01 3.244154219234769432e-01 1.843715746470480088e-01 -7.737958020667742853e-02 3.272045001887803617e-02 9.335635700079645272e-01 -5.129276314294484163e-01 2.043596779195561197e+01 4.006361894444320226e-01 -1.743171434369484782e-02
9.409621652881747789e-01 2.466348317667038970e+01 1.457462600034160338e-01 -1.425715033064694603e+00 5.318061283060582234e-01 2.697170872097975208e-02 4.932090503108020607e-02 1.475228095849261845e+00 -7.400110043455103703e-01 2.461995521184089597e+01 -3.469852140481420322e-01 4.398762856732969795e-02
1.084717894874850153e+00 2.513255689841279761e+01 1.146335095489089684e-01 -9.976838176523933344e-01 2.778357950664066545e-01 3.775291752732246042e-02 2.575214862669299859e-02 6.154032094711123335e+00 2.872878519979195633e-01 2.497011910559657011e+01 -1.063180795512554511e+00 7.293938234861717385e-02
5.304603337062951951e-01 2.327214502229994153e+01 1.185273195128614676e-01 -2.088328832515376821e+00 3.549294204956405796e-01 -4.505862874805178359e-02 1.841124981444807254e-02 3.685600278643441641e+00 -2.480498806191192285e-01 2.305576912305451032e+01 -1.992857982824976615e+00 -3.974542630626681089e-02
1.034991254712149811e-01 1.837549475636197371e+01 1.158515769312863097e-01 -1.926482169810761924e+00 1.577228260853113240e-01 -1.031658665022223420e-01 4.084000342898857355e-02 2.989545554808169303e+00 6.979369034171061248e-01 1.849689904468634793e+01 -1.844520702837376902e+00 -1.495809699408788274e-01
1.812711394531807407e-02 1.440208135078772500e+01 1.280587114131981619e-01 1.840235822910867847e-01 5.053558322264994906e-01 -1.267567681319018147e-01 4.340181813713660242e-02 4.265159042986878646e+00 4.447216118264037399e-01 1.443749607327448459e+01 -4.750930396609432393e-01 -1.201084610250673229e-01
9.994458486537720621e-01 2.509236452377815141e+01 1.183201620420461647e-01 -1.893553891019029045e+00 2.559363501700858134e-01 6.982517855245332083e-02 5.390880952355962125e-02 3.553369377055278222e-01 -7.289094761028001024e-01 2.508550425714868837e+01 -2.111633351708279260e+00 5.779255291976290176e-02
5.446792441010188668e-01 2.245980112228167869e+01 1.186046063795790639e-01 8.086997705845054840e-01 5.611302610157452575e-01 -1.260647490437309670e-01 4.485649023197706142e-02 2.202711098533383982e+00 1.189882533648350282e+00 2.252149519908634190e+01 6.485922581992180636e-01 -6.806140948907268839e-02
6.965916104380283080e-01 2.373206499743595188e+01 1.270627691501589607e-01 -1.001738463391575351e+00 1.431028941673067045e-01 2.026131920158164706e-02 3.638727589675359170e-02 4.617066856077368442e+00 1.114889816252063959e+00 2.354585763010895505e+01 -8.155356997203566660e-01 4.112558903833618551e-02
1.226703561843041967e+00 2.538875219240029324e+01 1.342805469730546930e-01 5.900405155337272722e-01 5.346208051873220235e-01 4.056953375020604796e-02 6.070633352475075795e-02 4.074634678347123895e+00 7.599203894843549190e-01 2.539373533465900934e+01 1.022637290234874818e+00 8.561016877313902540e-02
2.224751588532096758e-01 2.007559277983810020e+01 1.470160939882461659e-01 3.920510071713301237e-02 2.868921116940289506e-01 -2.071859783915608322e-03 4.757908249383452359e-02 5.868673422873510681e+00 1.427318009917434960e+00 2.013667724019449778e+01 3.526926690678520160e-01 -9.584972036460075173e-02
1.126073158673707830e+00 2.508602291941307172e+01 1.084267452469951376e-01 -5.732542735154610991e-01 3.486721321084331193e-01 6.856497390414427809e-03 3.985703218693018024e-02 1.478400943009732016e+00 -1.045058632533872878e+00 2.497254900993170423e+01 -5.509061522411122791e-01 1.610660071534410209e-03
6.885856081481600555e-01 2.333803459874638975e+01 1.168434892055952024e-01 5.241146910710166029e-01 2.367573347288352559e-01 1.424774091287925315e-02 5.150555878197771165e-02 1.985928292864406419e+00 -9.912201218007186121e-01 2.327184292256404774e+01 7.394720858652451545e-01 -3.320595894846484208e-03
2.360764408148090521e-01 2.071911968371625790e+01 9.883262347895145628e-02 -1.472494765026800323e+00 8.222390624985629337e-01 -3.208291601979135210e-02 4.438772985512053071e-02 4.584508717369502939e+00 2.939683452571426603e-01 2.069138436077527743e+01 -1.172371016938319022e+00 -4.292524800765055992e-02
4.265864557550063108e-01 2.252518436557183890e+01 9.976569595294859649e-02 -2.049609027859365384e-01 5.056449487598317916e-01 7.115633207430674401e-02 6.428314222875956829e-02 7.550492887800862585e-01 -1.874707779767142701e-01 2.250594855604910194e+01 -8.932795838961565815e-02 5.947515998219649047e-02
1.795786190133192850e-01 2.035984232748035438e+01 1.023323998516376399e-01 -1.124856426792718356e+00 2.591268173377128115e-01 3.625737049006566570e-03 3.755179629530732560e-02 1.141068499064863184e+00 -7.843353479790426963e-01 2.018583591938881483e+01 -1.039694161087234558e+00 -2.471131128256210535e-02
1.281800981524245486e+00 2.504509113149083888e+01 9.374662921460838461e-02 -8.187273656019332380e-02 3.189654075772677122e-01 1.321156042313193779e-01 5.059797754039437739e-02 3.135427362711658450e+00 -4.381927161973592777e-01 2.521910392556794278e+01 6.108649295726530093e-02 7.133348953991335006e-02
7.009181603383518588e-01 2.334999973335663626e+01 1.457602404005326202e-01 2.785191505177216920e-01 1.514504011075501477e-03 3.626997663524951510e-02 3.319801458905265179e-03 9.482834168552820575e-01 -5.337335789234100014e-01 2.356454788335713957e+01 2.805597991412923653e-01 3.709323318188424007e-02
6.849409705526212644e-01 2.343945387040275463e+01 1.085826519395865497e-01 -3.516611525275416539e-01 1.388265850427999604e-01 -3.378622712202919431e-02 1.657977295962272113e-02 5.535246908097127161e+00 8.906498989476265837e-01 2.347289616864704342e+01 -2.485778634487721406e-01 -1.638870880736224833e-02
8.519367391510173082e-01 2.374038204125216112e+01 1.342649352329547408e-01 -1.129111322919776228e+00 4.764327964935666238e-01 -9.735126856200503054e-02 1.918573803213190904e-02 3.339813008545609918e+00 -9.916462954458700185e-01 2.373063315866297529e+01 -3.591303591433456788e-01 -9.222821307451062323e-02
8.039586760548278477e-02 1.800199658487038690e+01 1.060297005393004838e-01 -5.121558906528792532e-01 3.306001625159047941e-01 -2.035739007229798309e-02 3.949075870620118861e-02 2.795712691963792018e+00 -4.642988218504076614e-01 1.794158154114075288e+01 3.548722277238960388e-01 -2.173259501209968275e-02
1.057551592401099860e+00 2.450722488889926254e+01 1.059663235340041615e-01 -3.426425036567688487e-01 3.484679954820544823e-01 7.832386425353384668e-03 2.566871618835914887e-02 1.227037567222487358e+00 -1.207305165076924869e+00 2.453137357475302593e+01 2.947813932553893235e-01 1.460880414268321548e-02
8.121411686661095253e-01 2.368311039586018651e+01 8.487054547983063912e-02 6.408147364951463087e-01 1.333061750209265095e-01 9.160124622989131160e-03 4.016499607814588702e-02 1.021378541717997024e+00 -1.394967105116271977e+00 2.360017911031928861e+01 8.411493254366144701e-01 -3.044493145134889028e-02
4.408218008292250634e-01 2.219906252183737294e+01 1.024596036676356930e-01 2.007657661219190537e+00 6.235224238858407819e-01 -8.187011464658430770e-02 4.142700668276721315e-02 1.151591916480251054e+00 -4.518450834603243149e-01 2.212444026675997577e+01 1.775378677869499766e+00 -3.620284014355570207e-02
2.659059209233061161e-01 2.127561406856242598e+01 9.575549595303921302e-02 -5.541710569817109855e-01 2.368749161274852910e-01 7.834882800101360123e-02 5.847471687229328918e-02 3.018233250757564434e+00 -6.736631608597337673e-01 2.114615096062824406e+01 -1.004356472265673095e-01 2.130567487462493165e-02
9.396734210115376129e-02 1.832209289609270186e+01 1.201352078984251615e-01 -6.785002124923871225e-01 2.135031303148569870e-01 -1.018386996704599701e-01 2.012893030586203336e-02 2.670082695630234149e+00 -8.525811268770205897e-01 1.848360555937699345e+01 -8.621227820187318258e-01 -9.483504718557506097e-02
1.276341675110252982e+00 2.474528365780800954e+01 1.314296373960454900e-01 1.706853210101862306e+00 5.162675010378454665e-01 3.226653702172213589e-02 3.223564799483199378e-02 1.529008188980212735e+00 5.395096897937963210e-01 2.486397684877898584e+01 1.861866048162383214e+00 4.477090704504152474e-03
1.561504316444097817e-01 1.992534507543183508e+01 8.433836626951718429e-02 -4.469886048805316037e-02 3.602893523969019074e-01 7.573144871017988000e-02 3.610597795574018581e-02 4.021696530454505591e+00 1.955107190606228396e-01 1.991353771403897355e+01 -2.156191050458137748e-01 5.452207029021328977e-02
1.149718216092507017e+00 2.491622835442564465e+01 1.397104858205200639e-01 9.896331568358436304e-01 6.222614717892593905e-02 -6.021110183529645998e-02 3.073826837681814875e-02 2.582534856173498206e+00 -9.512429342241650598e-01 2.485849938136001214e+01 8.958504903784542117e-01 -1.498241902819151886e-02
6.285810296723881585e-01 2.375724239251123393e+01 1.157190266019588187e-01 -2.310318501568532357e-01 4.835970744597651860e-01 2.097082000534905288e-01 5.690066433285430325e-02 6.003977013423101639e+00 2.282602318134375197e-01 2.379541564745807491e+01 -1.426847845049915020e-01 1.608979603819486459e-01
6.944695452004281400e-01 2.307893407625105198e+01 1.152606026250831278e-01 3.727003120932670943e-01 3.562396232720934641e-01 -5.911760509608375569e-02 3.959085574566696686e-02 5.069819730904931099e+00 1.209896136670343569e+00 2.321410525782998135e+01 7.888188907993940457e-01 -5.061580560928872347e-02
1.134106952683990865e+00 2.481885551553845914e+01 7.493858892043121778e-02 -1.300507074729536083e-01 1.039285778896704426e-01 -1.073344133573664455e-01 3.531025354189998994e-02 3.346393315113168843e+00 -9.009051533739118600e-01 2.483042306135774169e+01 -2.485110060814287869e-01 -6.148174344460623220e-02
